开合跳
1
2
0 0 0 0 0 0 0 0 0 0 
1 1 0 0 0 0 0 0 0 0  

抱头提膝扭转
2
4
0 0 1 1 0 0 0 0 0 0 
0 0 1 0 1 0 0 0 0 0  
0 0 1 1 0 0 0 0 0 0 
0 0 0 1 0 1 0 0 0 0

卷腹两头起
3
4
0 0 1 1 0 0 0 0 0 0 
0 0 1 0 1 0 0 0 0 0  
0 0 1 1 0 0 0 0 0 0 
0 0 0 1 0 1 0 0 0 0

释手俯卧撑
4
4
0 0 1 1 0 0 0 0 0 0 
0 0 1 0 1 0 0 0 0 0  
0 0 1 1 0 0 0 0 0 0 
0 0 0 1 0 1 0 0 0 0

深蹲
5
2
0 1 0 0 0 0 0 1 1 0 
0 1 0 0 1 1 0 1 0 0 

左侧弓箭步蹲
6
4
0 0 1 1 0 0 0 0 0 0 
0 0 1 0 1 0 0 0 0 0  
0 0 1 1 0 0 0 0 0 0 
0 0 0 1 0 1 0 0 0 0

平板支撑
7
4
0 0 1 1 0 0 0 0 0 0 
0 0 1 0 1 0 0 0 0 0  
0 0 1 1 0 0 0 0 0 0 
0 0 0 1 0 1 0 0 0 0